Dijkstra 

 0 11 65 17 65 65 65
 65 0 12 65 65 10 16
 65 65 0 13 14 65 19
 65 65 65 0 65 65 18
 65 65 65 65 0 65 15
 65 13 18 65 65 0 10
 65 65 65 65 65 65 0

Vertex          Previous Vertex Distance from Source
0               2               65
1               2               65
2               2               0
3               2               13
4               2               14
5               2               65
6               2               19

 0 25 2147483647 27 2147483647 30 2147483647
 25 0 2147483647 2147483647 1 2147483647 15
 2147483647 2147483647 0 15 3 1 2147483647 
 27 2147483647 15 0 25 2147483647 2147483647
 2147483647 1 3 25 0 2147483647 2147483647
 2147483647 2147483647 1 2147483647 2147483647 0 1
 2147483647 15 2147483647 2147483647 2147483647 1 0

Vertex          Previous Vertex Distance from Source
0               1               29
1               4               4
2               2               0
3               2               15
4               2               3
5               2               1
6               5               2