Floyd

 2147483647 7 2147483647 9 4 2147483647 2147483647 2147483647 2147483647
 2147483647 2147483647 3 2147483647 -4 2147483647 2147483647 2147483647 2147483647
 2147483647 2147483647 2147483647 2147483647 -8 2147483647 -3 2147483647 2147483647
 2147483647 2147483647 2147483647 2147483647 2147483647 2147483647 2147483647 -4 2147483647
 2147483647 2147483647 2147483647 5 2147483647 2 2147483647 3 2147483647
 2147483647 2147483647 2147483647 2147483647 2147483647 2147483647 5 2147483647 2
 2147483647 2147483647 2147483647 2147483647 2147483647 2147483647 2147483647 2147483647 -7
 2147483647 2147483647 2147483647 2147483647 2147483647 -2 2147483647 2147483647 -3
 2147483647 2147483647 2147483647 2147483647 2147483647 2147483647 2147483647 2147483647 2147483647

The following matrix shows the shortest distances between every pair of vertices 
0     7     10     7     2     1     6     3     -1     
INF     0     3     0     -5     -6     -1     -4     -8     
INF     INF     0     -3     -8     -9     -4     -7     -11     
INF     INF     INF     0     INF     -6     -1     -4     -8     
INF     INF     INF     5     0     -1     4     1     -3     
INF     INF     INF     INF     INF     0     5     INF     -2     
INF     INF     INF     INF     INF     INF     0     INF     -7     
INF     INF     INF     INF     INF     -2     3     0     -4     
INF     INF     INF     INF     INF     INF     INF     INF     0