Kruskal
 
 0 2 1 3 0 0 0 0 0 0 0 0 0
 2 0 2 0 0 5 5 0 0 0 0 0 0
 1 2 0 4 0 5 0 0 0 0 0 0 0
 3 0 4 0 5 5 0 0 0 0 0 0 0
 0 0 0 5 0 6 0 0 0 6 0 0 0
 0 5 5 5 6 0 6 6 6 6 0 0 0
 0 5 0 0 0 6 0 6 0 0 0 0 0
 0 0 0 0 0 6 6 0 7 0 0 7 7
 0 0 0 0 0 6 0 7 0 7 7 0 0
 0 0 0 0 6 6 0 0 7 0 7 7 0
 0 0 0 0 0 0 0 0 7 7 0 8 0
 0 0 0 0 0 0 0 7 0 7 8 0 8
 0 0 0 0 0 0 0 7 0 0 0 8 0

Minimum spanning tree
(0,2)-(0,1)-(0,3)-(2,5)-(1,6)-(3,4)-(4,9)-(5,7)-(5,8)-(7,12)-(8,10)-(7,11)- Total weight: 60

 0 10 0 0 0 0 9 0 0 0 0 0 8 0 0 1 4 0 0 0
 10 0 0 0 9 0 0 0 0 0 1 0 0 0 0 0 0 0 0 0
 0 0 0 0 9 0 0 0 0 0 0 0 0 5 0 0 3 0 0 0
 0 0 0 0 0 0 0 9 9 0 0 0 0 0 0 6 0 0 10 0
 0 9 9 0 0 0 0 0 0 0 0 0 0 0 0 0 0 0 0 0
 0 0 0 0 0 0 0 0 0 0 8 0 0 5 0 0 0 0 0 0
 9 0 0 0 0 0 0 0 10 0 1 0 9 9 0 0 0 0 0 0
 0 0 0 9 0 0 0 0 3 0 0 0 2 0 0 0 0 7 0 10
 0 0 0 9 0 0 10 3 0 0 0 0 0 10 0 0 1 0 0 0
 0 0 0 0 0 0 0 0 0 0 0 0 0 5 0 7 0 5 9 1
 0 1 0 0 0 8 1 0 0 0 0 0 4 0 0 0 0 0 0 0
 0 0 0 0 0 0 0 0 0 0 0 0 0 0 0 0 0 0 0 0
 8 0 0 0 0 0 9 2 0 0 4 0 0 0 0 0 0 0 0 0
 0 0 5 0 0 5 9 0 10 5 0 0 0 0 0 0 0 0 0 0
 0 0 0 0 0 0 0 0 0 0 0 0 0 0 0 0 8 0 0 0
 1 0 0 6 0 0 0 0 0 7 0 0 0 0 0 0 0 0 0 0
 4 0 3 0 0 0 0 0 1 0 0 0 0 0 8 0 0 0 0 6
 0 0 0 0 0 0 0 7 0 5 0 0 0 0 0 0 0 0 0 0
 0 0 0 10 0 0 0 0 0 9 0 0 0 0 0 0 0 0 0 8
 0 0 0 0 0 0 0 10 0 1 0 0 0 0 0 0 6 0 8 0

Minimum spanning tree
(6,10)-(0,15)-(9,19)-(1,10)-(8,16)-(7,12)-(2,16)-(7,8)-(10,12)-(0,16)-(9,17)-(2,13)-(9,13)-(5,13)-(3,15)-(18,19)-(14,16)-(2,4)- Total weight: 72