Prim 

 0 2 1 3 0 0 0 0 0 0 0 0 0
 2 0 2 0 0 5 5 0 0 0 0 0 0
 1 2 0 4 0 5 0 0 0 0 0 0 0
 3 0 4 0 5 5 0 0 0 0 0 0 0
 0 0 0 5 0 6 0 0 0 6 0 0 0
 0 5 5 5 6 0 6 6 6 6 0 0 0
 0 5 0 0 0 6 0 6 0 0 0 0 0
 0 0 0 0 0 6 6 0 7 0 0 7 7
 0 0 0 0 0 6 0 7 0 7 7 0 0
 0 0 0 0 6 6 0 0 7 0 7 7 0
 0 0 0 0 0 0 0 0 7 7 0 8 0
 0 0 0 0 0 0 0 7 0 7 8 0 8
 0 0 0 0 0 0 0 7 0 0 0 8 0

Minimum spanning tree
(0,1)-(0,2)-(0,3)-(3,4)-(2,5)-(1,6)-(5,7)-(5,8)-(4,9)-(8,10)-(7,11)-(7,12)- Total weight: 60

 0 10 0 0 0 0 9 0 0 0 0 0 8 0 0 1 4 0 0 0
 10 0 0 0 9 0 0 0 0 0 1 0 0 0 0 0 0 0 0 0
 0 0 0 0 9 0 0 0 0 0 0 0 0 5 0 0 3 0 0 0
 0 0 0 0 0 0 0 9 9 0 0 0 0 0 0 6 0 0 10 0
 0 9 9 0 0 0 0 0 0 0 0 0 0 0 0 0 0 0 0 0
 0 0 0 0 0 0 0 0 0 0 8 0 0 5 0 0 0 0 0 0
 9 0 0 0 0 0 0 0 10 0 1 0 9 9 0 0 0 0 0 0
 0 0 0 9 0 0 0 0 3 0 0 0 2 0 0 0 0 7 0 10
 0 0 0 9 0 0 10 3 0 0 0 0 0 10 0 0 1 0 0 0
 0 0 0 0 0 0 0 0 0 0 0 0 0 5 0 7 0 5 9 1
 0 1 0 0 0 8 1 0 0 0 0 0 4 0 0 0 0 0 0 0
 0 0 0 0 0 0 0 0 0 0 0 0 0 0 0 0 0 0 0 0
 8 0 0 0 0 0 9 2 0 0 4 0 0 0 0 0 0 0 0 0
 0 0 5 0 0 5 9 0 10 5 0 0 0 0 0 0 0 0 0 0
 0 0 0 0 0 0 0 0 0 0 0 0 0 0 0 0 8 0 0 0
 1 0 0 6 0 0 0 0 0 7 0 0 0 0 0 0 0 0 0 0
 4 0 3 0 0 0 0 0 1 0 0 0 0 0 8 0 0 0 0 6
 0 0 0 0 0 0 0 7 0 5 0 0 0 0 0 0 0 0 0 0
 0 0 0 10 0 0 0 0 0 9 0 0 0 0 0 0 0 0 0 8
 0 0 0 0 0 0 0 10 0 1 0 0 0 0 0 0 6 0 8 0

Minimum spanning tree
(10,1)-(16,2)-(15,3)-(2,4)-(13,5)-(10,6)-(8,7)-(16,8)-(13,9)-(12,10)-(32766,11)-(7,12)-(2,13)-(16,14)-(0,15)-(0,16)-(9,17)-(19,18)-(9,19)- Total weight: 72
